ITER= 5001
AOA= 2.31211758330546
SIDESLIP_ANGLE= 0
DCD_DCL_VALUE= 0.0412900034377701
DCMZ_DCL_VALUE= -0.0102339495792342
INITIAL_BCTHRUST= 4000
